0
23
45
66
86
105
123
140
156
171
185
198
210
221
231
240
248
255
261
266
1
24
46
67
87
106
124
141
157
172
186
199
211
222
232
241
249
256
262
2
25
47
68
88
107
125
142
158
173
187
200
212
223
233
242
250
257
263
3
26
48
69
89
108
126
143
159
174
188
201
213
224
234
243
251
258
264
4
27
49
70
90
109
127
144
160
175
189
202
214
225
235
244
252
259
265
5
28
50
71
91
110
128
145
161
176
190
203
215
226
236
245
253
260
6
29
51
72
92
111
129
146
162
177
191
204
216
227
237
246
254
7
30
52
73
93
112
130
147
163
178
192
205
217
228
238
247
8
31
53
74
94
113
131
148
164
179
193
206
218
229
239
9
32
54
75
95
114
132
149
165
180
194
207
219
230
10
33
55
76
96
115
133
150
166
181
195
208
220
11
34
56
77
97
116
134
151
167
182
196
209
12
35
57
78
98
117
135
152
168
183
197
13
36
58
79
99
118
136
153
169
184
14
37
59
80
100
119
137
154
170
15
38
60
81
101
120
138
155
16
39
61
82
102
121
139
17
40
62
83
103
122
18
41
63
84
104
19
42
64
85
20
43
65
21
44
22
